2 3 4
30.68453809 0.270560919
22.91293346 0.608458765
28.30182473 0.443305783
24.22912142 0.49463529
22.94375419 0.123445748
28.57893932 0.686173138
31.67882174 0.154954922
28.56452894 0.186699141
31.03668623 0.785229138
27.84189426 0.778298538
27.5001606 0.702140275
22.97152758 0.116496139
31.69909314 0.558039955
25.1255729 0.911219884
26.50063224 0.254853499
24.24655623 0.783553283
23.33969183 0.580511105
24.45632831 0.79515989
30.41302185 0.479457965
26.8546226 0.571453911
29.90824021 0.265361307
22.23609239 0.429408157
23.1707712 0.701305526
22.70499085 0.414066833
0 2.3714195 0.0
0 0.0 -0.0012345678
1 0.9134189 1.0131151
2 1.0 0.0
3 0.0 1.0
